0.0, 0.9299999999999999
0.0009634634634634635, 0.9299999999999999
0.001926926926926927, 0.9299999999999999
0.0028903903903903906, 0.9299999999999999
0.003853853853853854, 0.9299999999999999
0.004817317317317317, 0.9299999999999999
0.005780780780780781, 0.9299999999999999
0.0067442442442442446, 0.9299999999999999
0.007707707707707708, 0.9299999999999999
0.008671171171171171, 0.9299999999999999
0.009634634634634634, 0.9299999999999999
0.010598098098098098, 0.9299999999999999
0.011561561561561563, 0.9299999999999999
0.012525025025025026, 0.9299999999999999
0.013488488488488489, 0.9299999999999999
0.014451951951951952, 0.9299999999999999
0.015415415415415416, 0.9299999999999999
0.01637887887887888, 0.9299999999999999
0.017342342342342342, 0.9299999999999999
0.018305805805805805, 0.9299999999999999
0.01926926926926927, 0.9299999999999999
0.020232732732732732, 0.9299999999999999
0.021196196196196195, 0.9299999999999999
0.02215965965965966, 0.9299999999999999
0.023123123123123125, 0.9299999999999999
0.02408658658658659, 0.9299999999999999
0.02505005005005005, 0.9299999999999999
0.026013513513513515, 0.9299999999999999
0.026976976976976978, 0.9299999999999999
0.02794044044044044, 0.9299999999999999
0.028903903903903905, 0.9299999999999999
0.029867367367367368, 0.9299999999999999
0.03083083083083083, 0.9299999999999999
0.0317942942942943, 0.9299999999999999
0.03275775775775776, 0.9299999999999999
0.033721221221221225, 0.9299999999999999
0.034684684684684684, 0.9299999999999999
0.03564814814814815, 0.9299999999999999
0.03661161161161161, 0.9299999999999999
0.03757507507507508, 0.9299999999999999
0.03853853853853854, 0.9299999999999999
0.039502002002002004, 0.9299999999999999
0.040465465465465464, 0.9299999999999999
0.04142892892892893, 0.9299999999999999
0.04239239239239239, 0.9299999999999999
0.04335585585585586, 0.9299999999999999
0.04431931931931932, 0.9299999999999999
0.045282782782782784, 0.9299999999999999
0.04624624624624625, 0.9299999999999999
0.04720970970970971, 0.9299999999999999
0.04817317317317318, 0.9299999999999999
0.04913663663663664, 0.9299999999999999
0.0501001001001001, 0.9299999999999999
0.05106356356356356, 0.9299999999999999
0.05202702702702703, 0.9299999999999999
0.05299049049049049, 0.9299999999999999
0.053953953953953956, 0.9299999999999999
0.054917417417417416, 0.9299999999999999
0.05588088088088088, 0.9299999999999999
0.05684434434434434, 0.9299999999999999
0.05780780780780781, 0.9299999999999999
0.05877127127127127, 0.9299999999999999
0.059734734734734736, 0.9299999999999999
0.060698198198198196, 0.9299999999999999
0.06166166166166166, 0.9299999999999999
0.06262512512512512, 0.9299999999999999
0.0635885885885886, 0.9299999999999999
0.06455205205205206, 0.9299999999999999
0.06551551551551552, 0.9299999999999999
0.06647897897897898, 0.9299999999999999
0.06744244244244245, 0.9299999999999999
0.06840590590590591, 0.9299999999999999
0.06936936936936937, 0.9299999999999999
0.07033283283283283, 0.9299999999999999
0.0712962962962963, 0.9299999999999999
0.07225975975975976, 0.9299999999999999
0.07322322322322322, 0.9299999999999999
0.07418668668668668, 0.9299999999999999
0.07515015015015016, 0.9299999999999999
0.07611361361361361, 0.9299999999999999
0.07707707707707707, 0.9299999999999999
0.07804054054054055, 0.9299999999999999
0.07900400400400401, 0.9299999999999999
0.07996746746746747, 0.9299999999999999
0.08093093093093093, 0.9299999999999999
0.0818943943943944, 0.9299999999999999
0.08285785785785786, 0.9299999999999999
0.08382132132132132, 0.9299999999999999
0.08478478478478478, 0.9299999999999999
0.08574824824824825, 0.9299999999999999
0.08671171171171171, 0.9299999999999999
0.08767517517517517, 0.9299999999999999
0.08863863863863863, 0.9299999999999999
0.08960210210210211, 0.9299999999999999
0.09056556556556557, 0.9299999999999999
0.09152902902902903, 0.9299999999999999
0.0924924924924925, 0.9299999999999999
0.09345595595595596, 0.9299999999999999
0.09441941941941942, 0.9299999999999999
0.09538288288288288, 0.9299999999999999
0.09634634634634635, 0.9299999999999999
0.09730980980980981, 0.9299999999999999
0.09827327327327327, 0.9299999999999999
0.09923673673673673, 0.9299999999999999
0.1002002002002002, 0.9299999999999999
0.10116366366366367, 0.9299999999999999
0.10212712712712713, 0.9299999999999999
0.10309059059059059, 0.9299999999999999
0.10405405405405406, 0.9299999999999999
0.10501751751751752, 0.9299999999999999
0.10598098098098098, 0.9299999999999999
0.10694444444444444, 0.9299999999999999
0.10790790790790791, 0.9299999999999999
0.10887137137137137, 0.9299999999999999
0.10983483483483483, 0.9299999999999999
0.1107982982982983, 0.9299999999999999
0.11176176176176177, 0.9299999999999999
0.11272522522522523, 0.9299999999999999
0.11368868868868869, 0.9299999999999999
0.11465215215215216, 0.9299999999999999
0.11561561561561562, 0.9299999999999999
0.11657907907907908, 0.9299999999999999
0.11754254254254254, 0.9299999999999999
0.11850600600600601, 0.9299999999999999
0.11946946946946947, 0.9299999999999999
0.12043293293293293, 0.9299999999999999
0.12139639639639639, 0.9299999999999999
0.12235985985985987, 0.9299999999999999
0.12332332332332333, 0.9299999999999999
0.12428678678678678, 0.9299999999999999
0.12525025025025024, 0.9299999999999999
0.1262137137137137, 0.9299999999999999
0.1271771771771772, 0.9299999999999999
0.12814064064064065, 0.9299999999999999
0.1291041041041041, 0.9299999999999999
0.13006756756756757, 0.9299999999999999
0.13103103103103103, 0.9299999999999999
0.1319944944944945, 0.9299999999999999
0.13295795795795795, 0.9299999999999999
0.1339214214214214, 0.9299999999999999
0.1348848848848849, 0.9299999999999999
0.13584834834834836, 0.9299999999999999
0.13681181181181182, 0.9299999999999999
0.13777527527527528, 0.9299999999999999
0.13873873873873874, 0.9299999999999999
0.1397022022022022, 0.9299999999999999
0.14066566566566566, 0.9299999999999999
0.14162912912912914, 0.9299999999999999
0.1425925925925926, 0.9299999999999999
0.14355605605605606, 0.9299999999999999
0.14451951951951952, 0.9299999999999999
0.14548298298298298, 0.9299999999999999
0.14644644644644644, 0.9299999999999999
0.1474099099099099, 0.9299999999999999
0.14837337337337336, 0.9299999999999999
0.14933683683683685, 0.9299999999999999
0.1503003003003003, 0.9299999999999999
0.15126376376376377, 0.9299999999999999
0.15222722722722723, 0.9299999999999999
0.1531906906906907, 0.9299999999999999
0.15415415415415415, 0.9299999999999999
0.1551176176176176, 0.9299999999999999
0.1560810810810811, 0.9299999999999999
0.15704454454454456, 0.9299999999999999
0.15800800800800802, 0.9299999999999999
0.15897147147147148, 0.9299999999999999
0.15993493493493494, 0.9299999999999999
0.1608983983983984, 0.9299999999999999
0.16186186186186186, 0.9299999999999999
0.16282532532532532, 0.9299999999999999
0.1637887887887888, 0.9299999999999999
0.16475225225225226, 0.9299999999999999
0.16571571571571572, 0.9299999999999999
0.16667917917917918, 0.9299999999999999
0.16764264264264264, 0.9299999999999999
0.1686061061061061, 0.9299999999999999
0.16956956956956956, 0.9299999999999999
0.17053303303303305, 0.9299999999999999
0.1714964964964965, 0.9299999999999999
0.17245995995995997, 0.9299999999999999
0.17342342342342343, 0.9299999999999999
0.1743868868868869, 0.9299999999999999
0.17535035035035035, 0.9299999999999999
0.1763138138138138, 0.9299999999999999
0.17727727727727727, 0.9299999999999999
0.17824074074074076, 0.9299999999999999
0.17920420420420421, 0.9299999999999999
0.18016766766766767, 0.9299999999999999
0.18113113113113113, 0.9299999999999999
0.1820945945945946, 0.9299999999999999
0.18305805805805805, 0.9299999999999999
0.1840215215215215, 0.9299999999999999
0.184984984984985, 0.9299999999999999
0.18594844844844846, 0.9299999999999999
0.18691191191191192, 0.9299999999999999
0.18787537537537538, 0.9299999999999999
0.18883883883883884, 0.9299999999999999
0.1898023023023023, 0.9299999999999999
0.19076576576576576, 0.9299999999999999
0.19172922922922922, 0.9299999999999999
0.1926926926926927, 0.9299999999999999
0.19365615615615617, 0.9299999999999999
0.19461961961961963, 0.9299999999999999
0.1955830830830831, 0.9299999999999999
0.19654654654654655, 0.9299999999999999
0.19751001001001, 0.9299999999999999
0.19847347347347347, 0.9299999999999999
0.19943693693693693, 0.9299999999999999
0.2004004004004004, 0.9299999999999999
0.20136386386386387, 0.9299999999999999
0.20232732732732733, 0.9299999999999999
0.2032907907907908, 0.9299999999999999
0.20425425425425425, 0.9299999999999999
0.2052177177177177, 0.9299999999999999
0.20618118118118117, 0.9299999999999999
0.20714464464464466, 0.9299999999999999
0.20810810810810812, 0.9299999999999999
0.20907157157157158, 0.9299999999999999
0.21003503503503504, 0.9299999999999999
0.2109984984984985, 0.9299999999999999
0.21196196196196196, 0.9299999999999999
0.21292542542542542, 0.9299999999999999
0.21388888888888888, 0.9299999999999999
0.21485235235235237, 0.9299999999999999
0.21581581581581583, 0.9299999999999999
0.21677927927927929, 0.9299999999999999
0.21774274274274275, 0.9299999999999999
0.2187062062062062, 0.9299999999999999
0.21966966966966966, 0.9299999999999999
0.22063313313313312, 0.9299999999999999
0.2215965965965966, 0.9299999999999999
0.22256006006006007, 0.9299999999999999
0.22352352352352353, 0.9299999999999999
0.224486986986987, 0.9299999999999999
0.22545045045045045, 0.9299999999999999
0.2264139139139139, 0.9299999999999999
0.22737737737737737, 0.9299999999999999
0.22834084084084083, 0.9299999999999999
0.22930430430430432, 0.9299999999999999
0.23026776776776778, 0.9299999999999999
0.23123123123123124, 0.9299999999999999
0.2321946946946947, 0.9299999999999999
0.23315815815815816, 0.9299999999999999
0.23412162162162162, 0.9299999999999999
0.23508508508508508, 0.9299999999999999
0.23604854854854856, 0.9299999999999999
0.23701201201201202, 0.9299999999999999
0.23797547547547548, 0.9299999999999999
0.23893893893893894, 0.9299999999999999
0.2399024024024024, 0.9299999999999999
0.24086586586586586, 0.9299999999999999
0.24182932932932932, 0.9299999999999999
0.24279279279279278, 0.9299999999999999
0.24375625625625627, 0.9299999999999999
0.24471971971971973, 0.9299999999999999
0.2456831831831832, 0.9299999999999999
0.24664664664664665, 0.9299999999999999
0.2476101101101101, 0.9299999999999999
0.24857357357357357, 0.9299999999999999
0.24953703703703703, 0.9299999999999999
0.2505005005005005, 0.9299999999999999
0.251463963963964, 0.9299999999999999
0.2524274274274274, 0.9299999999999999
0.2533908908908909, 0.9299999999999999
0.2543543543543544, 0.9299999999999999
0.2553178178178178, 0.9299999999999999
0.2562812812812813, 0.9299999999999999
0.25724474474474474, 0.9299999999999999
0.2582082082082082, 0.9299999999999999
0.25917167167167166, 0.9299999999999999
0.26013513513513514, 0.9299999999999999
0.2610985985985986, 0.9299999999999999
0.26206206206206206, 0.9299999999999999
0.26302552552552555, 0.9299999999999999
0.263988988988989, 0.9299999999999999
0.26495245245245247, 0.9299999999999999
0.2659159159159159, 0.9299999999999999
0.2668793793793794, 0.9299999999999999
0.2678428428428428, 0.9299999999999999
0.2688063063063063, 0.9299999999999999
0.2697697697697698, 0.9299999999999999
0.27073323323323323, 0.9299999999999999
0.2716966966966967, 0.9299999999999999
0.27266016016016015, 0.9299999999999999
0.27362362362362364, 0.9299999999999999
0.27458708708708707, 0.9299999999999999
0.27555055055055055, 0.9299999999999999
0.27651401401401404, 0.9299999999999999
0.2774774774774775, 0.9299999999999999
0.27844094094094096, 0.9299999999999999
0.2794044044044044, 0.9299999999999999
0.2803678678678679, 0.9299999999999999
0.2813313313313313, 0.9299999999999999
0.2822947947947948, 0.9299999999999999
0.2832582582582583, 0.9299999999999999
0.2842217217217217, 0.9299999999999999
0.2851851851851852, 0.9299999999999999
0.28614864864864864, 0.9299999999999999
0.28711211211211213, 0.9299999999999999
0.28807557557557556, 0.9299999999999999
0.28903903903903905, 0.9299999999999999
0.2900025025025025, 0.9299999999999999
0.29096596596596597, 0.9299999999999999
0.29192942942942945, 0.9299999999999999
0.2928928928928929, 0.9299999999999999
0.2938563563563564, 0.9299999999999999
0.2948198198198198, 0.9299999999999999
0.2957832832832833, 0.9299999999999999
0.2967467467467467, 0.9299999999999999
0.2977102102102102, 0.9299999999999999
0.2986736736736737, 0.9299999999999999
0.29963713713713713, 0.9299999999999999
0.3006006006006006, 0.9299999999999999
0.30156406406406405, 0.9299999999999999
0.30252752752752754, 0.9299999999999999
0.30349099099099097, 0.9299999999999999
0.30445445445445446, 0.9299999999999999
0.30541791791791795, 0.9299999999999999
0.3063813813813814, 0.9299999999999999
0.30734484484484487, 0.9299999999999999
0.3083083083083083, 0.9299999999999999
0.3092717717717718, 0.9299999999999999
0.3102352352352352, 0.9299999999999999
0.3111986986986987, 0.9299999999999999
0.3121621621621622, 0.9299999999999999
0.3131256256256256, 0.9299999999999999
0.3140890890890891, 0.9299999999999999
0.31505255255255254, 0.9299999999999999
0.31601601601601603, 0.9299999999999999
0.31697947947947946, 0.9299999999999999
0.31794294294294295, 0.9299999999999999
0.3189064064064064, 0.9299999999999999
0.31986986986986987, 0.9299999999999999
0.32083333333333336, 0.9299999999999999
0.3217967967967968, 0.9299999999999999
0.3227602602602603, 0.9299999999999999
0.3237237237237237, 0.9299999999999999
0.3246871871871872, 0.9299999999999999
0.32565065065065063, 0.9299999999999999
0.3266141141141141, 0.9299999999999999
0.3275775775775776, 0.9299999999999999
0.32854104104104104, 0.9299999999999999
0.3295045045045045, 0.9299999999999999
0.33046796796796796, 0.9299999999999999
0.33143143143143144, 0.9299999999999999
0.3323948948948949, 0.9299999999999999
0.33335835835835836, 0.9299999999999999
0.33432182182182185, 0.9299999999999999
0.3352852852852853, 0.9299999999999999
0.33624874874874877, 0.9299999999999999
0.3372122122122122, 0.9299999999999999
0.3381756756756757, 0.9299999999999999
0.3391391391391391, 0.9299999999999999
0.3401026026026026, 0.9299999999999999
0.3410660660660661, 0.9299999999999999
0.34202952952952953, 0.9299999999999999
0.342992992992993, 0.9299999999999999
0.34395645645645645, 0.9299999999999999
0.34491991991991994, 0.9299999999999999
0.34588338338338337, 0.9299999999999999
0.34684684684684686, 0.9299999999999999
0.3478103103103103, 0.9299999999999999
0.3487737737737738, 0.9299999999999999
0.34973723723723726, 0.9299999999999999
0.3507007007007007, 0.9299999999999999
0.3516641641641642, 0.9299999999999999
0.3526276276276276, 0.9299999999999999
0.3535910910910911, 0.9299999999999999
0.35455455455455454, 0.9299999999999999
0.355518018018018, 0.9299999999999999
0.3564814814814815, 0.9299999999999999
0.35744494494494494, 0.9299999999999999
0.35840840840840843, 0.9299999999999999
0.35937187187187186, 0.9299999999999999
0.36033533533533535, 0.9299999999999999
0.3612987987987988, 0.9299999999999999
0.36226226226226227, 0.9299999999999999
0.36322572572572576, 0.9299999999999999
0.3641891891891892, 0.9299999999999999
0.3651526526526527, 0.9299999999999999
0.3661161161161161, 0.9299999999999999
0.3670795795795796, 0.9299999999999999
0.368043043043043, 0.9299999999999999
0.3690065065065065, 0.9299999999999999
0.36996996996997, 0.9299999999999999
0.37093343343343343, 0.9299999999999999
0.3718968968968969, 0.9299999999999999
0.37286036036036035, 0.9299999999999999
0.37382382382382384, 0.9299999999999999
0.3747872872872873, 0.9299999999999999
0.37575075075075076, 0.9299999999999999
0.3767142142142142, 0.9299999999999999
0.3776776776776777, 0.9299999999999999
0.37864114114114117, 0.9299999999999999
0.3796046046046046, 0.9299999999999999
0.3805680680680681, 0.9299999999999999
0.3815315315315315, 0.9299999999999999
0.382494994994995, 0.9299999999999999
0.38345845845845844, 0.9299999999999999
0.3844219219219219, 0.9299999999999999
0.3853853853853854, 0.9299999999999999
0.38634884884884885, 0.9299999999999999
0.38731231231231233, 0.9299999999999999
0.38827577577577577, 0.9299999999999999
0.38923923923923925, 0.9299999999999999
0.3902027027027027, 0.9299999999999999
0.3911661661661662, 0.9299999999999999
0.39212962962962966, 0.9299999999999999
0.3930930930930931, 0.9299999999999999
0.3940565565565566, 0.9299999999999999
0.39502002002002, 0.9299999999999999
0.3959834834834835, 0.9299999999999999
0.39694694694694693, 0.9299999999999999
0.3979104104104104, 0.9299999999999999
0.39887387387387385, 0.9299999999999999
0.39983733733733734, 0.9299999999999999
0.4008008008008008, 0.9299999999999999
0.40176426426426426, 0.9299999999999999
0.40272772772772775, 0.9299999999999999
0.4036911911911912, 0.9299999999999999
0.40465465465465467, 0.9299999999999999
0.4056181181181181, 0.9299999999999999
0.4065815815815816, 0.9299999999999999
0.4075450450450451, 0.9299999999999999
0.4085085085085085, 0.9299999999999999
0.409471971971972, 0.9299999999999999
0.4104354354354354, 0.9299999999999999
0.4113988988988989, 0.9299999999999999
0.41236236236236234, 0.9299999999999999
0.41332582582582583, 0.9299999999999999
0.4142892892892893, 0.9299999999999999
0.41525275275275275, 0.9299999999999999
0.41621621621621624, 0.9299999999999999
0.41717967967967967, 0.9299999999999999
0.41814314314314316, 0.9299999999999999
0.4191066066066066, 0.9299999999999999
0.4200700700700701, 0.9299999999999999
0.42103353353353357, 0.9299999999999999
0.421996996996997, 0.9299999999999999
0.4229604604604605, 0.9299999999999999
0.4239239239239239, 0.9299999999999999
0.4248873873873874, 0.9299999999999999
0.42585085085085084, 0.9299999999999999
0.4268143143143143, 0.9299999999999999
0.42777777777777776, 0.9299999999999999
0.42874124124124124, 0.9299999999999999
0.42970470470470473, 0.9299999999999999
0.43066816816816816, 0.9299999999999999
0.43163163163163165, 0.9299999999999999
0.4325950950950951, 0.9299999999999999
0.43355855855855857, 0.9299999999999999
0.434522022022022, 0.9299999999999999
0.4354854854854855, 0.9299999999999999
0.436448948948949, 0.9299999999999999
0.4374124124124124, 0.9299999999999999
0.4383758758758759, 0.9299999999999999
0.43933933933933933, 0.9299999999999999
0.4403028028028028, 0.9299999999999999
0.44126626626626625, 0.9299999999999999
0.44222972972972974, 0.9299999999999999
0.4431931931931932, 0.9299999999999999
0.44415665665665666, 0.9299999999999999
0.44512012012012014, 0.9299999999999999
0.4460835835835836, 0.9299999999999999
0.44704704704704706, 0.9299999999999999
0.4480105105105105, 0.9299999999999999
0.448973973973974, 0.9299999999999999
0.44993743743743747, 0.9299999999999999
0.4509009009009009, 0.9299999999999999
0.4518643643643644, 0.9299999999999999
0.4528278278278278, 0.9299999999999999
0.4537912912912913, 0.9299999999999999
0.45475475475475474, 0.9299999999999999
0.45571821821821823, 0.9299999999999999
0.45668168168168166, 0.9299999999999999
0.45764514514514515, 0.9299999999999999
0.45860860860860864, 0.9299999999999999
0.45957207207207207, 0.9299999999999999
0.46053553553553556, 0.9299999999999999
0.461498998998999, 0.9299999999999999
0.4624624624624625, 0.9299999999999999
0.4634259259259259, 0.9299999999999999
0.4643893893893894, 0.9299999999999999
0.4653528528528529, 0.9299999999999999
0.4663163163163163, 0.9299999999999999
0.4672797797797798, 0.9299999999999999
0.46824324324324323, 0.9299999999999999
0.4692067067067067, 0.9299999999999999
0.47017017017017015, 0.9299999999999999
0.47113363363363364, 0.9299999999999999
0.47209709709709713, 0.9299999999999999
0.47306056056056056, 0.9299999999999999
0.47402402402402405, 0.9299999999999999
0.4749874874874875, 0.9299999999999999
0.47595095095095097, 0.9299999999999999
0.4769144144144144, 0.9299999999999999
0.4778778778778779, 0.9299999999999999
0.4788413413413414, 0.9299999999999999
0.4798048048048048, 0.9299999999999999
0.4807682682682683, 0.9299999999999999
0.4817317317317317, 0.9299999999999999
0.4826951951951952, 0.9299999999999999
0.48365865865865865, 0.9299999999999999
0.48462212212212213, 0.9299999999999999
0.48558558558558557, 0.9299999999999999
0.48654904904904905, 0.9299999999999999
0.48751251251251254, 0.9299999999999999
0.488475975975976, 0.9299999999999999
0.48943943943943946, 0.9299999999999999
0.4904029029029029, 0.9299999999999999
0.4913663663663664, 0.9299999999999999
0.4923298298298298, 0.9299999999999999
0.4932932932932933, 0.9299999999999999
0.4942567567567568, 0.9299999999999999
0.4952202202202202, 0.9299999999999999
0.4961836836836837, 0.9299999999999999
0.49714714714714714, 0.9299999999999999
0.4981106106106106, 0.9299999999999999
0.49907407407407406, 0.9299999999999999
0.5000375375375375, 0.9299999999999999
0.501001001001001, 0.9299999999999999
0.5019644644644645, 0.9299999999999999
0.502927927927928, 0.9299999999999999
0.5038913913913914, 0.9299999999999999
0.5048548548548548, 0.9299999999999999
0.5058183183183184, 0.9299999999999999
0.5067817817817818, 0.9299999999999999
0.5077452452452452, 0.9299999999999999
0.5087087087087088, 0.9299999999999999
0.5096721721721722, 0.9299999999999999
0.5106356356356356, 0.9299999999999999
0.5115990990990991, 0.9299999999999999
0.5125625625625626, 0.9299999999999999
0.513526026026026, 0.9299999999999999
0.5144894894894895, 0.9299999999999999
0.515452952952953, 0.9299999999999999
0.5164164164164164, 0.9299999999999999
0.5173798798798799, 0.9299999999999999
0.5183433433433433, 0.9299999999999999
0.5193068068068069, 0.9299999999999999
0.5202702702702703, 0.9299999999999999
0.5212337337337337, 0.9299999999999999
0.5221971971971971, 0.9299999999999999
0.5231606606606607, 0.9299999999999999
0.5241241241241241, 0.9299999999999999
0.5250875875875876, 0.9299999999999999
0.5260510510510511, 0.9299999999999999
0.5270145145145145, 0.9299999999999999
0.527977977977978, 0.9299999999999999
0.5289414414414414, 0.9299999999999999
0.5299049049049049, 0.9299999999999999
0.5308683683683684, 0.9299999999999999
0.5318318318318318, 0.9299999999999999
0.5327952952952953, 0.9299999999999999
0.5337587587587588, 0.9299999999999999
0.5347222222222222, 0.9299999999999999
0.5356856856856856, 0.9299999999999999
0.5366491491491492, 0.9299999999999999
0.5376126126126126, 0.9299999999999999
0.538576076076076, 0.9299999999999999
0.5395395395395396, 0.9299999999999999
0.540503003003003, 0.9299999999999999
0.5414664664664665, 0.9299999999999999
0.5424299299299299, 0.9299999999999999
0.5433933933933934, 0.9299999999999999
0.5443568568568569, 0.9299999999999999
0.5453203203203203, 0.9299999999999999
0.5462837837837838, 0.9299999999999999
0.5472472472472473, 0.9299999999999999
0.5482107107107107, 0.9299999999999999
0.5491741741741741, 0.9299999999999999
0.5501376376376377, 0.9299999999999999
0.5511011011011011, 0.9299999999999999
0.5520645645645645, 0.9299999999999999
0.5530280280280281, 0.9299999999999999
0.5539914914914915, 0.9299999999999999
0.554954954954955, 0.9299999999999999
0.5559184184184184, 0.9299999999999999
0.5568818818818819, 0.9299999999999999
0.5578453453453454, 0.9299999999999999
0.5588088088088088, 0.9299999999999999
0.5597722722722723, 0.9299999999999999
0.5607357357357358, 0.9299999999999999
0.5616991991991992, 0.9299999999999999
0.5626626626626626, 0.9299999999999999
0.5636261261261262, 0.9299999999999999
0.5645895895895896, 0.9299999999999999
0.565553053053053, 0.9299999999999999
0.5665165165165166, 0.9299999999999999
0.56747997997998, 0.9299999999999999
0.5684434434434434, 0.9299999999999999
0.5694069069069069, 0.9299999999999999
0.5703703703703704, 0.9299999999999999
0.5713338338338338, 0.9299999999999999
0.5722972972972973, 0.9299999999999999
0.5732607607607608, 0.9299999999999999
0.5742242242242243, 0.9299999999999999
0.5751876876876877, 0.9299999999999999
0.5761511511511511, 0.9299999999999999
0.5771146146146147, 0.9299999999999999
0.5780780780780781, 0.9299999999999999
0.5790415415415415, 0.9299999999999999
0.580005005005005, 0.9299999999999999
0.5809684684684685, 0.9299999999999999
0.5819319319319319, 0.9299999999999999
0.5828953953953954, 0.9299999999999999
0.5838588588588589, 0.9299999999999999
0.5848223223223223, 0.9299999999999999
0.5857857857857858, 0.9299999999999999
0.5867492492492492, 0.9299999999999999
0.5877127127127127, 0.9299999999999999
0.5886761761761762, 0.9299999999999999
0.5896396396396396, 0.9299999999999999
0.5906031031031032, 0.9299999999999999
0.5915665665665666, 0.9299999999999999
0.59253003003003, 0.9299999999999999
0.5934934934934935, 0.9299999999999999
0.594456956956957, 0.9299999999999999
0.5954204204204204, 0.9299999999999999
0.5963838838838839, 0.9299999999999999
0.5973473473473474, 0.9299999999999999
0.5983108108108108, 0.9299999999999999
0.5992742742742743, 0.9299999999999999
0.6002377377377377, 0.9299999999999999
0.6012012012012012, 0.9299999999999999
0.6021646646646647, 0.9299999999999999
0.6031281281281281, 0.9299999999999999
0.6040915915915916, 0.9299999999999999
0.6050550550550551, 0.9299999999999999
0.6060185185185185, 0.9299999999999999
0.6069819819819819, 0.9299999999999999
0.6079454454454455, 0.9299999999999999
0.6089089089089089, 0.9299999999999999
0.6098723723723724, 0.9299999999999999
0.6108358358358359, 0.9299999999999999
0.6117992992992993, 0.9299999999999999
0.6127627627627628, 0.9299999999999999
0.6137262262262262, 0.9299999999999999
0.6146896896896897, 0.9299999999999999
0.6156531531531532, 0.9299999999999999
0.6166166166166166, 0.9299999999999999
0.6175800800800801, 0.9299999999999999
0.6185435435435436, 0.9299999999999999
0.619507007007007, 0.9299999999999999
0.6204704704704704, 0.9299999999999999
0.621433933933934, 0.9299999999999999
0.6223973973973974, 0.9299999999999999
0.6233608608608608, 0.9299999999999999
0.6243243243243244, 0.9299999999999999
0.6252877877877878, 0.9299999999999999
0.6262512512512513, 0.9299999999999999
0.6272147147147147, 0.9299999999999999
0.6281781781781782, 0.9299999999999999
0.6291416416416417, 0.9299999999999999
0.6301051051051051, 0.9299999999999999
0.6310685685685685, 0.9299999999999999
0.6320320320320321, 0.9299999999999999
0.6329954954954955, 0.9299999999999999
0.6339589589589589, 0.9299999999999999
0.6349224224224225, 0.9299999999999999
0.6358858858858859, 0.9299999999999999
0.6368493493493493, 0.9299999999999999
0.6378128128128128, 0.9299999999999999
0.6387762762762763, 0.9299999999999999
0.6397397397397397, 0.9299999999999999
0.6407032032032032, 0.9299999999999999
0.6416666666666667, 0.9299999999999999
0.6426301301301302, 0.9299999999999999
0.6435935935935936, 0.9299999999999999
0.644557057057057, 0.9299999999999999
0.6455205205205206, 0.9299999999999999
0.646483983983984, 0.9299999999999999
0.6474474474474474, 0.9299999999999999
0.648410910910911, 0.9299999999999999
0.6493743743743744, 0.9299999999999999
0.6503378378378378, 0.9299999999999999
0.6513013013013013, 0.9299999999999999
0.6522647647647648, 0.9299999999999999
0.6532282282282282, 0.9299999999999999
0.6541916916916917, 0.9299999999999999
0.6551551551551552, 0.9299999999999999
0.6561186186186186, 0.9299999999999999
0.6570820820820821, 0.9299999999999999
0.6580455455455455, 0.9299999999999999
0.659009009009009, 0.9299999999999999
0.6599724724724725, 0.9299999999999999
0.6609359359359359, 0.9299999999999999
0.6618993993993995, 0.9299999999999999
0.6628628628628629, 0.9299999999999999
0.6638263263263263, 0.9299999999999999
0.6647897897897898, 0.9299999999999999
0.6657532532532533, 0.9299999999999999
0.6667167167167167, 0.9299999999999999
0.6676801801801802, 0.9299999999999999
0.6686436436436437, 0.9299999999999999
0.6696071071071071, 0.9299999999999999
0.6705705705705706, 0.9299999999999999
0.671534034034034, 0.9299999999999999
0.6724974974974975, 0.9299999999999999
0.673460960960961, 0.9299999999999999
0.6744244244244244, 0.9299999999999999
0.675387887887888, 0.9299999999999999
0.6763513513513514, 0.9299999999999999
0.6773148148148148, 0.9299999999999999
0.6782782782782782, 0.9299999999999999
0.6792417417417418, 0.9299999999999999
0.6802052052052052, 0.9299999999999999
0.6811686686686687, 0.9299999999999999
0.6821321321321322, 0.9299999999999999
0.6830955955955956, 0.9299999999999999
0.6840590590590591, 0.9299999999999999
0.6850225225225225, 0.9299999999999999
0.685985985985986, 0.9299999999999999
0.6869494494494495, 0.9299999999999999
0.6879129129129129, 0.9299999999999999
0.6888763763763763, 0.9299999999999999
0.6898398398398399, 0.9299999999999999
0.6908033033033033, 0.9299999999999999
0.6917667667667667, 0.9299999999999999
0.6927302302302303, 0.9299999999999999
0.6936936936936937, 0.9299999999999999
0.6946571571571571, 0.9299999999999999
0.6956206206206206, 0.9299999999999999
0.6965840840840841, 0.9299999999999999
0.6975475475475476, 0.9299999999999999
0.698511011011011, 0.9299999999999999
0.6994744744744745, 0.9299999999999999
0.700437937937938, 0.9299999999999999
0.7014014014014014, 0.9299999999999999
0.7023648648648648, 0.9299999999999999
0.7033283283283284, 0.9299999999999999
0.7042917917917918, 0.9299999999999999
0.7052552552552552, 0.9299999999999999
0.7062187187187188, 0.9299999999999999
0.7071821821821822, 0.9299999999999999
0.7081456456456456, 0.9299999999999999
0.7091091091091091, 0.9299999999999999
0.7100725725725726, 0.9299999999999999
0.711036036036036, 0.9299999999999999
0.7119994994994995, 0.9299999999999999
0.712962962962963, 0.9299999999999999
0.7139264264264265, 0.9299999999999999
0.7148898898898899, 0.9299999999999999
0.7158533533533533, 0.9299999999999999
0.7168168168168169, 0.9299999999999999
0.7177802802802803, 0.9299999999999999
0.7187437437437437, 0.9299999999999999
0.7197072072072073, 0.9299999999999999
0.7206706706706707, 0.9299999999999999
0.7216341341341341, 0.9299999999999999
0.7225975975975976, 0.9299999999999999
0.7235610610610611, 0.9299999999999999
0.7245245245245245, 0.9299999999999999
0.725487987987988, 0.9299999999999999
0.7264514514514515, 0.9299999999999999
0.727414914914915, 0.9299999999999999
0.7283783783783784, 0.9299999999999999
0.7293418418418418, 0.9299999999999999
0.7303053053053054, 0.9299999999999999
0.7312687687687688, 0.9299999999999999
0.7322322322322322, 0.9299999999999999
0.7331956956956958, 0.9299999999999999
0.7341591591591592, 0.9299999999999999
0.7351226226226226, 0.9299999999999999
0.736086086086086, 0.9299999999999999
0.7370495495495496, 0.9299999999999999
0.738013013013013, 0.9299999999999999
0.7389764764764765, 0.9299999999999999
0.73993993993994, 0.9299999999999999
0.7409034034034034, 0.9299999999999999
0.7418668668668669, 0.9299999999999999
0.7428303303303303, 0.9299999999999999
0.7437937937937938, 0.9299999999999999
0.7447572572572573, 0.9299999999999999
0.7457207207207207, 0.9299999999999999
0.7466841841841841, 0.9299999999999999
0.7476476476476477, 0.9299999999999999
0.7486111111111111, 0.9299999999999999
0.7495745745745745, 0.9299999999999999
0.7505380380380381, 0.9299999999999999
0.7515015015015015, 0.9299999999999999
0.752464964964965, 0.9299999999999999
0.7534284284284284, 0.9299999999999999
0.7543918918918919, 0.9299999999999999
0.7553553553553554, 0.9299999999999999
0.7563188188188188, 0.9299999999999999
0.7572822822822823, 0.9299999999999999
0.7582457457457458, 0.9299999999999999
0.7592092092092092, 0.9299999999999999
0.7601726726726726, 0.9299999999999999
0.7611361361361362, 0.9299999999999999
0.7620995995995996, 0.9299999999999999
0.763063063063063, 0.9299999999999999
0.7640265265265266, 0.9299999999999999
0.76498998998999, 0.9299999999999999
0.7659534534534534, 0.9299999999999999
0.7669169169169169, 0.9299999999999999
0.7678803803803804, 0.9299999999999999
0.7688438438438439, 0.9299999999999999
0.7698073073073073, 0.9299999999999999
0.7707707707707708, 0.9299999999999999
0.7717342342342343, 0.9299999999999999
0.7726976976976977, 0.9299999999999999
0.7736611611611611, 0.9299999999999999
0.7746246246246247, 0.9299999999999999
0.7755880880880881, 0.9299999999999999
0.7765515515515515, 0.9299999999999999
0.7775150150150151, 0.9299999999999999
0.7784784784784785, 0.9299999999999999
0.7794419419419419, 0.9299999999999999
0.7804054054054054, 0.9299999999999999
0.7813688688688689, 0.9299999999999999
0.7823323323323323, 0.9299999999999999
0.7832957957957958, 0.9299999999999999
0.7842592592592593, 0.9299999999999999
0.7852227227227228, 0.9299999999999999
0.7861861861861862, 0.9299999999999999
0.7871496496496496, 0.9299999999999999
0.7881131131131132, 0.9299999999999999
0.7890765765765766, 0.9299999999999999
0.79004004004004, 0.9299999999999999
0.7910035035035036, 0.9299999999999999
0.791966966966967, 0.9299999999999999
0.7929304304304304, 0.9299999999999999
0.7938938938938939, 0.9299999999999999
0.7948573573573574, 0.9299999999999999
0.7958208208208208, 0.9299999999999999
0.7967842842842843, 0.9299999999999999
0.7977477477477477, 0.9299999999999999
0.7987112112112112, 0.9299999999999999
0.7996746746746747, 0.9299999999999999
0.8006381381381381, 0.9299999999999999
0.8016016016016017, 0.9299999999999999
0.8025650650650651, 0.9299999999999999
0.8035285285285285, 0.9299999999999999
0.804491991991992, 0.9299999999999999
0.8054554554554555, 0.9299999999999999
0.8064189189189189, 0.9299999999999999
0.8073823823823824, 0.9299999999999999
0.8083458458458459, 0.9299999999999999
0.8093093093093093, 0.9299999999999999
0.8102727727727728, 0.9299999999999999
0.8112362362362362, 0.9299999999999999
0.8121996996996997, 0.9299999999999999
0.8131631631631632, 0.9299999999999999
0.8141266266266266, 0.9299999999999999
0.8150900900900901, 0.9299999999999999
0.8160535535535536, 0.9299999999999999
0.817017017017017, 0.9299999999999999
0.8179804804804804, 0.9299999999999999
0.818943943943944, 0.9299999999999999
0.8199074074074074, 0.9299999999999999
0.8208708708708709, 0.9299999999999999
0.8218343343343344, 0.9299999999999999
0.8227977977977978, 0.9299999999999999
0.8237612612612613, 0.9299999999999999
0.8247247247247247, 0.9299999999999999
0.8256881881881882, 0.9299999999999999
0.8266516516516517, 0.9299999999999999
0.8276151151151151, 0.9299999999999999
0.8285785785785786, 0.9299999999999999
0.8295420420420421, 0.9299999999999999
0.8305055055055055, 0.9299999999999999
0.8314689689689689, 0.9299999999999999
0.8324324324324325, 0.9299999999999999
0.8333958958958959, 0.9299999999999999
0.8343593593593593, 0.9299999999999999
0.8353228228228229, 0.9299999999999999
0.8362862862862863, 0.9299999999999999
0.8372497497497497, 0.9299999999999999
0.8382132132132132, 0.9299999999999999
0.8391766766766767, 0.9299999999999999
0.8401401401401402, 0.9299999999999999
0.8411036036036036, 0.9299999999999999
0.8420670670670671, 0.9299999999999999
0.8430305305305306, 0.9299999999999999
0.843993993993994, 0.9299999999999999
0.8449574574574574, 0.9299999999999999
0.845920920920921, 0.9299999999999999
0.8468843843843844, 0.9299999999999999
0.8478478478478478, 0.9299999999999999
0.8488113113113114, 0.9299999999999999
0.8497747747747748, 0.9299999999999999
0.8507382382382382, 0.9299999999999999
0.8517017017017017, 0.9299999999999999
0.8526651651651652, 0.9299999999999999
0.8536286286286286, 0.9299999999999999
0.8545920920920921, 0.9299999999999999
0.8555555555555555, 0.9299999999999999
0.8565190190190191, 0.9299999999999999
0.8574824824824825, 0.9299999999999999
0.8584459459459459, 0.9299999999999999
0.8594094094094095, 0.9299999999999999
0.8603728728728729, 0.9299999999999999
0.8613363363363363, 0.9299999999999999
0.8622997997997998, 0.9299999999999999
0.8632632632632633, 0.9299999999999999
0.8642267267267267, 0.9299999999999999
0.8651901901901902, 0.9299999999999999
0.8661536536536537, 0.9299999999999999
0.8671171171171171, 0.9299999999999999
0.8680805805805806, 0.9299999999999999
0.869044044044044, 0.9299999999999999
0.8700075075075075, 0.9299999999999999
0.870970970970971, 0.9299999999999999
0.8719344344344344, 0.9299999999999999
0.872897897897898, 0.9299999999999999
0.8738613613613614, 0.9299999999999999
0.8748248248248248, 0.9299999999999999
0.8757882882882883, 0.9299999999999999
0.8767517517517518, 0.9299999999999999
0.8777152152152152, 0.9299999999999999
0.8786786786786787, 0.9299999999999999
0.8796421421421422, 0.9299999999999999
0.8806056056056056, 0.9299999999999999
0.8815690690690691, 0.9299999999999999
0.8825325325325325, 0.9299999999999999
0.883495995995996, 0.9299999999999999
0.8844594594594595, 0.9299999999999999
0.8854229229229229, 0.9299999999999999
0.8863863863863864, 0.9299999999999999
0.8873498498498499, 0.9299999999999999
0.8883133133133133, 0.9299999999999999
0.8892767767767767, 0.9299999999999999
0.8902402402402403, 0.9299999999999999
0.8912037037037037, 0.9299999999999999
0.8921671671671672, 0.9299999999999999
0.8931306306306307, 0.9299999999999999
0.8940940940940941, 0.9299999999999999
0.8950575575575576, 0.9299999999999999
0.896021021021021, 0.9299999999999999
0.8969844844844845, 0.9299999999999999
0.897947947947948, 0.9299999999999999
0.8989114114114114, 0.9299999999999999
0.8998748748748749, 0.9299999999999999
0.9008383383383384, 0.9299999999999999
0.9018018018018018, 0.9299999999999999
0.9027652652652652, 0.9299999999999999
0.9037287287287288, 0.9299999999999999
0.9046921921921922, 0.9299999999999999
0.9056556556556556, 0.9299999999999999
0.9066191191191191, 0.9299999999999999
0.9075825825825826, 0.9299999999999999
0.908546046046046, 0.9299999999999999
0.9095095095095095, 0.9299999999999999
0.910472972972973, 0.9299999999999999
0.9114364364364365, 0.9299999999999999
0.9123998998998999, 0.9299999999999999
0.9133633633633633, 0.9299999999999999
0.9143268268268269, 0.9299999999999999
0.9152902902902903, 0.9299999999999999
0.9162537537537537, 0.9299999999999999
0.9172172172172173, 0.9299999999999999
0.9181806806806807, 0.9299999999999999
0.9191441441441441, 0.9299999999999999
0.9201076076076076, 0.9299999999999999
0.9210710710710711, 0.9299999999999999
0.9220345345345345, 0.9299999999999999
0.922997997997998, 0.9299999999999999
0.9239614614614615, 0.9299999999999999
0.924924924924925, 0.9299999999999999
0.9258883883883884, 0.9299999999999999
0.9268518518518518, 0.9299999999999999
0.9278153153153154, 0.9299999999999999
0.9287787787787788, 0.9299999999999999
0.9297422422422422, 0.9299999999999999
0.9307057057057058, 0.9299999999999999
0.9316691691691692, 0.9299999999999999
0.9326326326326326, 0.9299999999999999
0.9335960960960961, 0.9299999999999999
0.9345595595595596, 0.9299999999999999
0.935523023023023, 0.9299999999999999
0.9364864864864865, 0.9299999999999999
0.93744994994995, 0.9299999999999999
0.9384134134134134, 0.9299999999999999
0.9393768768768769, 0.9299999999999999
0.9403403403403403, 0.9299999999999999
0.9413038038038039, 0.9299999999999999
0.9422672672672673, 0.9299999999999999
0.9432307307307307, 0.9299999999999999
0.9441941941941943, 0.9299999999999999
0.9451576576576577, 0.9299999999999999
0.9461211211211211, 0.9299999999999999
0.9470845845845846, 0.9299999999999999
0.9480480480480481, 0.9299999999999999
0.9490115115115115, 0.9299999999999999
0.949974974974975, 0.9299999999999999
0.9509384384384385, 0.9299999999999999
0.9519019019019019, 0.9299999999999999
0.9528653653653654, 0.9299999999999999
0.9538288288288288, 0.9299999999999999
0.9547922922922923, 0.9299999999999999
0.9557557557557558, 0.9299999999999999
0.9567192192192192, 0.9299999999999999
0.9576826826826828, 0.9299999999999999
0.9586461461461462, 0.9299999999999999
0.9596096096096096, 0.9299999999999999
0.960573073073073, 0.9299999999999999
0.9615365365365366, 0.9299999999999999
0.9625, 0.9299999999999999
0.9625, 0.9299999999999999
0.963938938938939, 0.9279183634609206
0.9653778778778779, 0.9258444809609877
0.9668168168168169, 0.9237783121233483
0.9682557557557557, 0.9217198168410708
0.9696946946946947, 0.9196689552749417
0.9711336336336337, 0.9176256878512844
0.9725725725725726, 0.9155899752598001
0.9740115115115116, 0.9135617784514282
0.9754504504504504, 0.9115410586362269
0.9768893893893894, 0.9095277772812755
0.9783283283283284, 0.9075218961085966
0.9797672672672673, 0.9055233770930959
0.9812062062062062, 0.9035321824605244
0.9826451451451451, 0.9015482746854585
0.9840840840840841, 0.8995716164893
0.9855230230230231, 0.897602170838294
0.986961961961962, 0.895639900941567
0.9884009009009009, 0.8936847702491825
0.9898398398398398, 0.8917367424502154
0.9912787787787788, 0.8897957814708439
0.9927177177177178, 0.8878618514724617
0.9941566566566566, 0.8859349168498037
0.9955955955955956, 0.8840149422290939
0.9970345345345346, 0.8821018924662074
0.9984734734734735, 0.8801957326448515
0.9999124124124125, 0.8782964280747623
1.0013513513513514, 0.8764039442899196
1.0027902902902903, 0.8745182470467776
1.0042292292292292, 0.8726393023225121
1.0056681681681683, 0.870767076313284
1.0071071071071072, 0.8689015354325197
1.008546046046046, 0.8670426463092064
1.009984984984985, 0.8651903757862031
1.011423923923924, 0.863344690918568
1.0128628628628629, 0.8615055589719025
1.0143018018018017, 0.8596729474207065
1.0157407407407408, 0.8578468239467528
1.0171796796796797, 0.8560271564374752
1.0186186186186186, 0.85421391298437
1.0200575575575577, 0.8524070618814142
1.0214964964964965, 0.8506065716234983
1.0229354354354354, 0.8488124109048696
1.0243743743743745, 0.847024548617595
1.0258133133133134, 0.8452429538500351
1.0272522522522523, 0.8434675958853314
1.0286911911911911, 0.8416984441999085
1.0301301301301302, 0.8399354684619902
1.031569069069069, 0.8381786385301292
1.033008008008008, 0.8364279244517475
1.034446946946947, 0.8346832964616934
1.035885885885886, 0.8329447249808098
1.0373248248248248, 0.8312121806145158
1.038763763763764, 0.8294856341514
1.0402027027027028, 0.8277650565618287
1.0416416416416416, 0.8260504189965642
1.0430805805805805, 0.8243416927853973
1.0445195195195196, 0.8226388494357905
1.0459584584584585, 0.8209418606315354
1.0473973973973973, 0.8192506982314195
1.0488363363363364, 0.8175653342679063
1.0502752752752753, 0.8158857409458291
1.0517142142142142, 0.8142118906410905
1.0531531531531533, 0.8125437558993808
1.0545920920920921, 0.810881309434903
1.056031031031031, 0.8092245241291101
1.05746996996997, 0.807573373029454
1.058908908908909, 0.8059278293481452
1.0603478478478479, 0.8042878664609242
1.0617867867867867, 0.8026534579058416
1.0632257257257258, 0.8010245773820517
1.0646646646646647, 0.799401198748615
1.0661036036036036, 0.7977832960233113
1.0675425425425427, 0.7961708433814628
1.0689814814814815, 0.7945638151547699
1.0704204204204204, 0.7929621858301539
1.0718593593593595, 0.7913659300486111
1.0732982982982984, 0.7897750226040793
1.0747372372372372, 0.7881894384423088
1.0761761761761761, 0.786609152659749
1.0776151151151152, 0.7850341405024397
1.079054054054054, 0.7834643773649176
1.080492992992993, 0.7818998387891252
1.081931931931932, 0.780340500463335
1.083370870870871, 0.7787863382210811
1.0848098098098098, 0.7772373280400989
1.0862487487487489, 0.7756934460412748
1.0876876876876878, 0.7741546684876062
1.0891266266266266, 0.7726209717831677
1.0905655655655657, 0.7710923324720882
1.0920045045045046, 0.7695687272375372
1.0934434434434435, 0.7680501329007169
1.0948823823823823, 0.766536526419866
1.0963213213213214, 0.7650278848892703
1.0977602602602603, 0.7635241855382835
1.0991991991991992, 0.762025405730353
1.1006381381381383, 0.7605315229620566
1.1020770770770771, 0.7590425148621487
1.103516016016016, 0.7575583591906099
1.1049549549549549, 0.756079033837709
1.106393893893894, 0.7546045168230707
1.1078328328328328, 0.7531347862947531
1.1092717717717717, 0.7516698205283293
1.1107107107107108, 0.7502095979259814
1.1121496496496497, 0.7487540970155987
1.1135885885885886, 0.747303296449885
1.1150275275275277, 0.7458571750054722
1.1164664664664665, 0.7444157115820436
1.1179054054054054, 0.7429788852014612
1.1193443443443445, 0.7415466750069035
1.1207832832832834, 0.7401190602620094
1.1222222222222222, 0.7386960203500271
1.123661161161161, 0.737277534772974
1.1251001001001002, 0.7358635831507997
1.126539039039039, 0.73445414522056
1.127977977977978, 0.733049200835593
1.129416916916917, 0.7316487299647064
1.130855855855856, 0.730252712691369
1.1322947947947948, 0.7288611292129092
1.1337337337337337, 0.7274739598397213
1.1351726726726727, 0.726091184994476
1.1366116116116116, 0.7247127852113411
1.1380505505505505, 0.7233387411352044
1.1394894894894896, 0.7219690335209052
1.1409284284284285, 0.7206036432324736
1.1423673673673673, 0.7192425512423722
1.1438063063063064, 0.7178857386307463
1.1452452452452453, 0.7165331865846821
1.1466841841841842, 0.7151848763974659
1.1481231231231233, 0.7138407894678541
1.1495620620620621, 0.7125009072993477
1.151001001001001, 0.7111652114994703
1.1524399399399399, 0.7098336837790562
1.153878878878879, 0.7085063059515401
1.1553178178178178, 0.7071830599322566
1.1567567567567567, 0.7058639277377411
1.1581956956956958, 0.7045488914850395
1.1596346346346347, 0.7032379333910233
1.1610735735735735, 0.7019310357717075
1.1625125125125126, 0.7006281810415772
1.1639514514514515, 0.6993293517129184
1.1653903903903904, 0.6980345303951526
1.1668293293293295, 0.6967436997941802
1.1682682682682684, 0.6954568427117251
1.1697072072072072, 0.6941739420446883
1.171146146146146, 0.6928949807845037
1.1725850850850852, 0.6916199420165008
1.174024024024024, 0.690348808919272
1.175462962962963, 0.6890815647640445
1.176901901901902, 0.6878181929140578
1.178340840840841, 0.6865586768239464
1.1797797797797798, 0.6853030000391257
1.1812187187187186, 0.6840511461951849
1.1826576576576577, 0.6828030990172834
1.1840965965965966, 0.6815588423195528
1.1855355355355355, 0.6803183600045021
1.1869744744744746, 0.67908163606243
1.1884134134134134, 0.6778486545708389
1.1898523523523523, 0.6766193996938568
1.1912912912912914, 0.67539385568166
1.1927302302302303, 0.6741720068699044
1.1941691691691692, 0.6729538376791576
1.1956081081081082, 0.6717393326143373
1.1970470470470471, 0.6705284762641546
1.198485985985986, 0.66932125330056
1.1999249249249249, 0.6681176484781949
1.201363863863864, 0.6669176466338466
1.2028028028028028, 0.6657212326859091
1.2042417417417417, 0.6645283916338455
1.2056806806806808, 0.6633391085576568
1.2071196196196197, 0.6621533686173541
1.2085585585585585, 0.6609711570524347
1.2099974974974976, 0.6597924591813616
1.2114364364364365, 0.6586172604010498
1.2128753753753754, 0.6574455461863518
1.2143143143143145, 0.656277302089552
1.2157532532532533, 0.6551125137398622
1.2171921921921922, 0.6539511668429208
1.218631131131131, 0.6527932471802974
1.2200700700700702, 0.6516387406090001
1.221509009009009, 0.6504876330609873
1.222947947947948, 0.6493399105426824
1.224386886886887, 0.6481955591344921
1.2258258258258259, 0.6470545649903304
1.2272647647647648, 0.6459169143371435
1.2287037037037036, 0.6447825934744393
1.2301426426426427, 0.6436515887738219
1.2315815815815816, 0.6425238866785276
1.2330205205205207, 0.6413994737029651
1.2344594594594596, 0.6402783364322605
1.2358983983983984, 0.6391604615218033
1.2373373373373373, 0.6380458356967971
1.2387762762762762, 0.6369344457518152
1.2402152152152153, 0.6358262785503562
1.2416541541541541, 0.6347213210244065
1.2430930930930932, 0.6336195601740027
1.244532032032032, 0.6325209830668007
1.245970970970971, 0.6314255768376452
1.2474099099099099, 0.6303333286881433
1.248848848848849, 0.6292442258862426
1.2502877877877878, 0.6281582557658109
1.2517267267267267, 0.6270754057262192
1.2531656656656658, 0.6259956632319288
1.2546046046046047, 0.6249190158120799
1.2560435435435435, 0.6238454510600854
1.2574824824824824, 0.6227749566332254
1.2589214214214215, 0.621707520252246
1.2603603603603604, 0.620643129700962
1.2617992992992995, 0.6195817728258598
1.2632382382382383, 0.6185234375357064
1.2646771771771772, 0.6174681118011583
1.266116116116116, 0.6164157836543759
1.2675550550550552, 0.6153664411886391
1.268993993993994, 0.6143200725579664
1.270432932932933, 0.6132766659767364
1.271871871871872, 0.6122362097193123
1.2733108108108109, 0.6111986921196703
1.2747497497497497, 0.6101641015710275
1.2761886886886886, 0.6091324265254764
1.2776276276276277, 0.6081036554936192
1.2790665665665666, 0.6070777770442074
1.2805055055055057, 0.60605477980378
1.2819444444444446, 0.6050346524563099
1.2833833833833834, 0.604017383742847
1.2848223223223223, 0.6030029624611685
1.2862612612612612, 0.6019913774654293
1.2877002002002003, 0.6009826176658156
1.2891391391391391, 0.5999766720282016
1.2905780780780782, 0.5989735295738071
1.292017017017017, 0.5979731793788595
1.293455955955956, 0.5969756105742572
1.2948948948948948, 0.5959808123452343
1.296333833833834, 0.5949887739310306
1.2977727727727728, 0.593999484624562
1.2992117117117117, 0.5930129337720931
1.3006506506506508, 0.5920291107729124
1.3020895895895896, 0.5910480050790117
1.3035285285285285, 0.5900696061947641
1.3049674674674674, 0.5890939036766081
1.3064064064064065, 0.588120887132731
1.3078453453453454, 0.5871505462227573
1.3092842842842844, 0.5861828706574364
1.3107232232232233, 0.5852178501983347
1.3121621621621622, 0.5842554746575294
1.313601101101101, 0.5832957338973036
1.3150400400400402, 0.5823386178298445
1.316478978978979, 0.5813841164169447
1.317917917917918, 0.5804322196697017
1.319356856856857, 0.5794829176482248
1.3207957957957959, 0.5785362004613404
1.3222347347347347, 0.5775920582663002
1.3236736736736736, 0.5766504812684926
1.3251126126126127, 0.5757114597211545
1.3265515515515516, 0.5747749839250865
1.3279904904904907, 0.573841044228369
1.3294294294294295, 0.5729096310260815
1.3308683683683684, 0.5719807347600223
1.3323073073073073, 0.5710543459184317
1.3337462462462462, 0.5701304550357165
1.3351851851851853, 0.5692090526921758
1.3366241241241241, 0.5682901295137304
1.3380630630630632, 0.5673736761716518
1.339502002002002, 0.5664596833822958
1.340940940940941, 0.5655481419068348
1.3423798798798798, 0.5646390425509947
1.343818818818819, 0.5637323761647927
1.3452577577577578, 0.5628281336422762
1.3466966966966967, 0.5619263059212647
1.3481356356356358, 0.5610268839830921
1.3495745745745746, 0.5601298588523524
1.3510135135135135, 0.5592352215966464
1.3524524524524524, 0.5583429633263288
1.3538913913913915, 0.5574530751942601
1.3553303303303303, 0.5565655483955579
1.3567692692692694, 0.555680374167349
1.3582082082082083, 0.554797543788527
1.3596471471471472, 0.553917048579508
1.361086086086086, 0.5530388799019891
1.3625250250250251, 0.552163029158709
1.363963963963964, 0.5512894877932102
1.365402902902903, 0.5504182472896021
1.366841841841842, 0.5495492991723262
1.3682807807807809, 0.5486826350059233
1.3697197197197197, 0.5478182463948013
1.3711586586586586, 0.5469561249830057
1.3725975975975977, 0.5460962624539903
1.3740365365365366, 0.5452386505303918
1.3754754754754757, 0.5443832809738024
1.3769144144144145, 0.5435301455845479
1.3783533533533534, 0.5426792362014637
1.3797922922922923, 0.5418305447016754
1.3812312312312311, 0.5409840630003779
1.3826701701701702, 0.5401397830506193
1.3841091091091091, 0.5392976968430833
1.3855480480480482, 0.5384577964058747
1.386986986986987, 0.5376200738043057
1.388425925925926, 0.5367845211406844
1.3898648648648648, 0.5359511305541036
1.391303803803804, 0.5351198942202318
1.3927427427427428, 0.5342908043511053
1.3941816816816817, 0.5334638531949227
1.3956206206206208, 0.5326390330358383
1.3970595595595596, 0.5318163361937599
1.3984984984984985, 0.5309957550241455
1.3999374374374374, 0.5301772819178032
1.4013763763763765, 0.5293609093006909
1.4028153153153153, 0.5285466296337189
1.4042542542542544, 0.5277344354125519
1.4056931931931933, 0.5269243191674143
1.4071321321321322, 0.5261162734628955
1.408571071071071, 0.5253102908977563
1.4100100100100101, 0.5245063641047384
1.411448948948949, 0.5237044857503733
1.4128878878878879, 0.5229046485347922
1.414326826826827, 0.5221068451915398
1.4157657657657658, 0.5213110684873861
1.4172047047047047, 0.5205173112221412
1.4186436436436436, 0.519725566228472
1.4200825825825827, 0.5189358263717174
1.4215215215215216, 0.5181480845497086
1.4229604604604607, 0.5173623336925861
1.4243993993993995, 0.5165785667626224
1.4258383383383384, 0.5157967767540417
1.4272772772772773, 0.5150169566928445
1.4287162162162161, 0.5142390996366305
1.4301551551551552, 0.5134631986744246
1.431594094094094, 0.5126892469265022
1.4330330330330332, 0.5119172375442178
1.434471971971972, 0.5111471637098326
1.435910910910911, 0.5103790186363448
1.4373498498498498, 0.5096127955673201
1.438788788788789, 0.5088484877767239
1.4402277277277278, 0.5080860885687539
1.4416666666666667, 0.5073255912776747
1.4431056056056057, 0.5065669892676524
1.4445445445445446, 0.505810275932591
1.4459834834834835, 0.50505544469597
1.4474224224224224, 0.5043024890106822
1.4488613613613615, 0.5035514023588733
1.4503003003003003, 0.502802178251783
1.4517392392392394, 0.5020548102295848
1.4531781781781783, 0.5013092918612304
1.4546171171171172, 0.5005656167442915
1.456056056056056, 0.4998237785048053
1.4574949949949951, 0.4990837707971196
1.458933933933934, 0.4983455873037395
1.4603728728728729, 0.49760922173517447
1.461811811811812, 0.49687466782978684
1.4632507507507508, 0.4961419193536418
1.4646896896896897, 0.4954109701003571
1.4661286286286286, 0.49468181389095406
1.4675675675675677, 0.49395444457371074
1.4690065065065065, 0.49322885602401484
1.4704454454454456, 0.49250504214421736
1.4718843843843845, 0.49178299686348814
1.4733233233233234, 0.4910627141376715
1.4747622622622623, 0.4903441879491437
1.4762012012012011, 0.48962741230666984
1.4776401401401402, 0.48891238124526315
1.479079079079079, 0.488199088826045
1.4805180180180182, 0.48748752913610394
1.481956956956957, 0.48677769628835904
1.483395895895896, 0.4860695844214202
1.4848348348348348, 0.48536318769945236
1.4862737737737737, 0.4846585003120394
1.4877127127127128, 0.4839555164740483
1.4891516516516519, 0.4832542304254954
1.4905905905905907, 0.48255463643141344
1.4920295295295296, 0.4818567287817172
1.4934684684684685, 0.48116050179107317
1.4949074074074074, 0.48046594979876805
1.4963463463463464, 0.47977306716857837
1.4977852852852853, 0.4790818482886418
1.4992242242242244, 0.47839228757132757
1.5006631631631633, 0.47770437945310956
1.5021021021021022, 0.47701811839443886
1.503541041041041, 0.4763334988796178
1.50497997997998, 0.4756505154166748
1.506418918918919, 0.47496916253723853
1.5078578578578579, 0.4742894347964163
1.509296796796797, 0.47361132677266854
1.5107357357357358, 0.4729348330676886
1.5121746746746747, 0.47225994830627915
1.5136136136136136, 0.4715866671362334
1.5150525525525524, 0.4709149842282135
1.5164914914914915, 0.4702448942756316
1.5179304304304306, 0.4695763919945322
1.5193693693693695, 0.4689094721234732
1.5208083083083084, 0.4682441294234091
1.5222472472472472, 0.46758035867757425
1.5236861861861861, 0.4669181546913678
1.5251251251251252, 0.4662575122922388
1.526564064064064, 0.4655984263295709
1.5280030030030032, 0.4649408916745698
1.529441941941942, 0.46428490322014976
1.530880880880881, 0.46363045588082175
1.5323198198198198, 0.46297754459258156
1.5337587587587587, 0.4623261643127994
1.5351976976976978, 0.46167631002010934
1.5366366366366369, 0.46102797671430007
1.5380755755755757, 0.4603811594162062
1.5395145145145146, 0.45973585316759974
1.5409534534534535, 0.4590920530310825
1.5423923923923923, 0.4584497540899801
1.5438313313313314, 0.4578089514482344
1.5452702702702703, 0.4571696402302994
1.5467092092092094, 0.4565318155810349
1.5481481481481483, 0.4558954726656036
1.5495870870870871, 0.45526060666936624
1.551026026026026, 0.45462721279777923
1.5524649649649649, 0.4539952862762921
1.553903903903904, 0.45336482235024533
1.5553428428428429, 0.4527358162847702
1.556781781781782, 0.45210826336468657
1.5582207207207208, 0.45148215889440463
1.5596596596596597, 0.45085749819782434
1.5610985985985986, 0.450234276618237
1.5625375375375374, 0.44961248951822697
1.5639764764764765, 0.44899213227957435
1.5654154154154156, 0.4483732003031578
1.5668543543543545, 0.44775568900885804
1.5682932932932934, 0.44713959383546203
1.5697322322322322, 0.4465249102405676
1.571171171171171, 0.44591163370048853
1.5726101101101102, 0.44529975971016106
1.574049049049049, 0.44468928378304956
1.5754879879879882, 0.4440802014510539
1.576926926926927, 0.44347250826441686
1.578365865865866, 0.4428661997916318
1.5798048048048048, 0.442261271619352
1.5812437437437437, 0.441657719352299
1.5826826826826828, 0.441055538613173
1.5841216216216218, 0.4404547250425622
1.5855605605605607, 0.43985527429885474
1.5869994994994996, 0.43925718205814873
1.5884384384384385, 0.4386604440141647
1.5898773773773773, 0.4380650558781575
1.5913163163163164, 0.43747101337882993
1.5927552552552553, 0.4368783122622449
1.5941941941941944, 0.4362869482917402
1.5956331331331333, 0.43569691724784265
1.5970720720720721, 0.43510821492818236
1.598511011011011, 0.43452083714740886
1.5999499499499499, 0.43393477973710626
1.601388888888889, 0.4333500385457102
1.6028278278278278, 0.4327666094384243
1.604266766766767, 0.43218448829713735
1.6057057057057058, 0.4316036710203414
1.6071446446446447, 0.4310241535230499
1.6085835835835836, 0.43044593173671636
1.6100225225225224, 0.4298690016091535
1.6114614614614615, 0.42929335910445304
1.6129004004004006, 0.42871900020290604
1.6143393393393395, 0.4281459209009232
1.6157782782782784, 0.427574117210956
1.6172172172172172, 0.42700358516141795
1.618656156156156, 0.4264343207966075
1.6200950950950952, 0.42586632017662907
1.621534034034034, 0.4252995793773172
1.6229729729729732, 0.4247340944901591
1.624411911911912, 0.42416986162221854
1.625850850850851, 0.4236068768960603
1.6272897897897898, 0.42304513644967473
1.6287287287287286, 0.4224846364364023
1.6301676676676677, 0.42192537302485994
1.6316066066066068, 0.42136734239886636
1.6330455455455457, 0.4208105407573685
1.6344844844844846, 0.42025496431436843
1.6359234234234235, 0.4197006092988504
1.6373623623623623, 0.41914747195470864
1.6388013013013014, 0.418595548540675
1.6402402402402403, 0.41804483533024783
1.6416791791791794, 0.4174953286116203
1.6431181181181183, 0.41694702468761047
1.6445570570570571, 0.4163999198755898
1.645995995995996, 0.4158540105074139
1.6474349349349349, 0.415309292929353
1.648873873873874, 0.4147657635020225
1.6503128128128128, 0.4142234186003143
1.651751751751752, 0.4136822546133286
1.6531906906906908, 0.4131422679443055
1.6546296296296297, 0.41260345501055756
1.6560685685685685, 0.4120658122434027
1.6575075075075074, 0.4115293360880974
1.6589464464464465, 0.4109940230037695
1.6603853853853856, 0.4104598694633533
1.6618243243243245, 0.40992687195352284
1.6632632632632633, 0.40939502697462715
1.6647022022022022, 0.4088643310406245
1.666141141141141, 0.4083347806790187
1.6675800800800802, 0.40780637243079404
1.669019019019019, 0.4072791028503521
1.6704579579579582, 0.4067529685054475
1.671896896896897, 0.406227965977125
1.673335835835836, 0.405704091859657
1.6747747747747748, 0.40518134276048046
1.6762137137137136, 0.4046597153001351
1.6776526526526527, 0.40413920611220133
1.6790915915915918, 0.40361981184323925
1.6805305305305307, 0.4031015291527274
1.6819694694694696, 0.4025843547130014
1.6834084084084084, 0.4020682852091943
1.6848473473473473, 0.40155331733917615
1.6862862862862864, 0.40103944781349427
1.6877252252252253, 0.4005266733553135
1.6891641641641644, 0.40001499070035784
1.6906031031031032, 0.39950439659685094
1.6920420420420421, 0.39899488780545794
1.693480980980981, 0.39848646109922736
1.6949199199199199, 0.39797911326353347
1.696358858858859, 0.3974728410960181
1.6977977977977978, 0.3969676414065344
1.699236736736737, 0.39646351101708943
1.7006756756756758, 0.3959604467617876
1.7021146146146147, 0.39545844548677467
1.7035535535535535, 0.3949575040501816
1.7049924924924924, 0.39445761932206885
1.7064314314314315, 0.39395878818437186
1.7078703703703706, 0.3934610075308447
1.7093093093093095, 0.3929642742670067
1.7107482482482483, 0.3924685853100869
1.7121871871871872, 0.3919739375889708
1.713626126126126, 0.39148032804414595
1.7150650650650652, 0.3909877536276487
1.716504004004004, 0.39049621130301115
1.7179429429429431, 0.3900056980452076
1.719381881881882, 0.3895162108406029
1.7208208208208209, 0.38902774668689866
1.7222597597597598, 0.3885403025930824
1.7236986986986986, 0.3880538755793752
1.7251376376376377, 0.3875684626771802
1.7265765765765768, 0.3870840609290318
1.7280155155155157, 0.38660066738854376
1.7294544544544546, 0.38611827912035945
1.7308933933933934, 0.38563689320010086
1.7323323323323323, 0.38515650671431884
1.7337712712712714, 0.38467711676044264
1.7352102102102103, 0.38419872044673126
1.7366491491491494, 0.3837213148922229
1.7380880880880882, 0.3832448972266871
1.739527027027027, 0.38276946459057504
1.740965965965966, 0.3822950141349713
1.7424049049049048, 0.38182154302154553
1.743843843843844, 0.38134904842250467
1.7452827827827828, 0.3808775275205449
1.746721721721722, 0.3804069775088041
1.7481606606606608, 0.3799373955908149
1.7495995995995997, 0.3794687789804572
1.7510385385385385, 0.37900112490191196
1.7524774774774774, 0.378534430589614
1.7539164164164165, 0.3780686932882063
1.7553553553553556, 0.37760391025249423
1.7567942942942945, 0.37714007874739885
1.7582332332332333, 0.3766771960479122
1.7596721721721722, 0.3762152594390516
1.761111111111111, 0.37575426621581476
1.7625500500500502, 0.3752942136831348
1.763988988988989, 0.3748350991558363
1.7654279279279281, 0.37437691995859
1.766866866866867, 0.3739196734258695
1.7683058058058059, 0.3734633569019071
1.7697447447447447, 0.3730079677406498
1.7711836836836836, 0.37255350330571674
1.7726226226226227, 0.3720999609703554
1.7740615615615616, 0.3716473381173987
1.7755005005005007, 0.3711956321392223
1.7769394394394395, 0.3707448404377028
1.7783783783783784, 0.37029496042417415
1.7798173173173173, 0.36984598951938674
1.7812562562562564, 0.369397925153465
1.7826951951951953, 0.3689507647658661
1.7841341341341344, 0.368504505805338
1.7855730730730732, 0.3680591457298796
1.787012012012012, 0.36761468200669756
1.788450950950951, 0.3671711121121681
1.7898898898898898, 0.36672843353179435
1.791328828828829, 0.36628664376016756
1.7927677677677678, 0.3658457403009259
1.794206706706707, 0.3654057206667152
1.7956456456456458, 0.36496658237914903
1.7970845845845846, 0.36452832296876925
1.7985235235235235, 0.3640909399750068
1.7999624624624624, 0.3636544309461424
1.8014014014014015, 0.3632187934392681
1.8028403403403406, 0.36278402502024804
1.8042792792792794, 0.36235012326368043
1.8057182182182183, 0.36191708575285925
1.8071571571571572, 0.3614849100797357
1.808596096096096, 0.3610535938448811
1.8100350350350352, 0.36062313465744833
1.811473973973974, 0.36019353013513544
1.8129129129129131, 0.359764777904147
1.814351851851852, 0.3593368755991582
1.8157907907907909, 0.3589098208632773
1.8172297297297297, 0.3584836113480091
1.8186686686686686, 0.3580582447132184
1.8201076076076077, 0.3576337186270933
1.8215465465465466, 0.3572100307661101
1.8229854854854857, 0.35678717881499566
1.8244244244244245, 0.35636516046669353
1.8258633633633634, 0.35594397342232675
1.8273023023023023, 0.3555236153911631
1.8287412412412412, 0.35510408409058
1.8301801801801802, 0.3546853772460291
1.8316191191191193, 0.3542674925910017
1.8330580580580582, 0.353850427866994
1.834496996996997, 0.353434180823472
1.835935935935936, 0.35301874921783816
1.8373748748748748, 0.35260413081539654
1.838813813813814, 0.35219032338931855
1.8402527527527528, 0.3517773247206103
1.841691691691692, 0.35136513259807745
1.8431306306306308, 0.3509537448182927
1.8445695695695696, 0.35054315918556234
1.8460085085085085, 0.35013337351189283
1.8474474474474474, 0.349724385616958
1.8488863863863865, 0.349316193328066
1.8503253253253256, 0.34890879448012724
1.8517642642642644, 0.3485021869156213
1.8532032032032033, 0.3480963684845647
1.8546421421421422, 0.34769133704447913
1.856081081081081, 0.34728709046035905
1.8575200200200201, 0.3468836266046399
1.858958958958959, 0.3464809433571667
1.8603978978978981, 0.34607903860516237
1.861836836836837, 0.34567791024319644
1.8632757757757759, 0.3452775561731536
1.8647147147147147, 0.34487797430420275
1.8661536536536536, 0.34447916255276645
1.8675925925925927, 0.34408111884249
1.8690315315315316, 0.3436838411042106
1.8704704704704707, 0.343287327275927
1.8719094094094095, 0.3428915753027699
1.8733483483483484, 0.34249658313697073
1.8747872872872873, 0.3421023487378327
1.8762262262262261, 0.3417088700717
1.8776651651651652, 0.341316145111929
1.8791041041041043, 0.3409241718388583
1.8805430430430432, 0.34053294823977953
1.881981981981982, 0.3401424723089077
1.883420920920921, 0.33975274204735273
1.8848598598598598, 0.3393637554630899
1.886298798798799, 0.33897551057093156
1.8877377377377378, 0.3385880053924983
1.8891766766766769, 0.33820123795619017
1.8906156156156158, 0.3378152062971587
1.8920545545545546, 0.3374299084572783
1.8934934934934935, 0.3370453424851187
1.8949324324324324, 0.3366615064359162
1.8963713713713715, 0.3362783983715466
1.8978103103103106, 0.33589601636049726
1.8992492492492494, 0.33551435847783934
1.9006881881881883, 0.33513342280520064
1.9021271271271272, 0.3347532074307383
1.903566066066066, 0.33437371044911146
1.9050050050050051, 0.3339949299614546
1.906443943943944, 0.3336168640753502
1.907882882882883, 0.3332395109048026
1.909321821821822, 0.33286286857021075
1.9107607607607608, 0.3324869351983424
1.9121996996996997, 0.33211170892230685
1.9136386386386386, 0.33173718788152984
1.9150775775775777, 0.3313633702217262
1.9165165165165166, 0.3309902540948753
1.9179554554554556, 0.33061783765919384
1.9193943943943945, 0.33024611907911106
1.9208333333333334, 0.3298750965252429
1.9222722722722723, 0.32950476817436625
1.9237112112112111, 0.32913513220939383
1.9251501501501502, 0.32876618681934927
1.9265890890890893, 0.32839793019934127
1.9280280280280282, 0.3280303605505397
1.929466966966967, 0.3276634760801495
1.930905905905906, 0.32729727500138683
1.9323448448448448, 0.3269317555334542
1.933783783783784, 0.32656691590151593
1.9352227227227228, 0.32620275433667373
1.9366616616616619, 0.3258392690759427
1.9381006006006007, 0.325476458362227
1.9395395395395396, 0.32511432044429556
1.9409784784784785, 0.32475285357675865
1.9424174174174174, 0.32439205602004395
1.9438563563563565, 0.32403192604037256
1.9452952952952955, 0.323672461909736
1.9467342342342344, 0.3233136619058721
1.9481731731731733, 0.3229555243122421
1.9496121121121122, 0.3225980474180074
1.951051051051051, 0.3222412295180062
1.9524899899899901, 0.3218850689127309
1.953928928928929, 0.3215295639083046
1.955367867867868, 0.32117471281645893
1.956806806806807, 0.32082051395451106
1.9582457457457458, 0.32046696564534094
1.9596846846846847, 0.3201140662173695
1.9611236236236236, 0.3197618140045354
1.9625625625625625, 0.31941020734627373
1.9640015015015018, 0.31905924458749274
1.9654404404404406, 0.31870892407855317
1.9668793793793795, 0.3183592441752452
1.9683183183183184, 0.318010203238767
1.9697572572572573, 0.31766179963570323
1.9711961961961961, 0.31731403173800293
1.9726351351351354, 0.3169668979229585
1.9740740740740743, 0.31662039657318414
1.9755130130130132, 0.3162745260765942
1.976951951951952, 0.3159292848263824
1.978390890890891, 0.3155846712210004
1.9798298298298298, 0.31524068366413716
1.9812687687687687, 0.31489732056469755
1.982707707707708, 0.3145545803367818
1.9841466466466469, 0.3142124613996651
1.9855855855855857, 0.3138709621777762
1.9870245245245246, 0.3135300811006774
1.9884634634634635, 0.31318981660304435
1.9899024024024023, 0.31285016712464503
1.9913413413413412, 0.31251113111032003
1.9927802802802805, 0.3121727070099623
1.9942192192192194, 0.31183489327849717
1.9956581581581583, 0.31149768837586217
1.9970970970970972, 0.31116109076698734
1.998536036036036, 0.31082509892177534
1.999974974974975, 0.310489711315082
2.001413913913914, 0.3101549264266964
2.002852852852853, 0.30982074274132204
2.004291791791792, 0.3094871587485565
2.005730730730731, 0.3091541729428727
2.0071696696696697, 0.30882178382359976
2.0086086086086086, 0.3084899898949036
2.0100475475475474, 0.30815878966576793
2.0114864864864868, 0.3078281816499755
2.0129254254254256, 0.307498164366089
2.0143643643643645, 0.3071687363374326
2.0158033033033034, 0.3068398960920728
2.0172422422422422, 0.3065116421628001
2.018681181181181, 0.3061839730871105
2.0201201201201204, 0.305856887407187
2.0215590590590593, 0.30553038366988144
2.022997997997998, 0.305204460426696
2.024436936936937, 0.30487911623376496
2.025875875875876, 0.30455434965183686
2.027314814814815, 0.3042301592462564
2.0287537537537537, 0.30390654358694646
2.030192692692693, 0.3035835012483902
2.031631631631632, 0.3032610308096136
2.0330705705705707, 0.3029391308541674
2.0345095095095096, 0.3026177999701098
2.0359484484484485, 0.30229703674998865
2.0373873873873873, 0.3019768397908243
2.038826326326326, 0.30165720769409204
2.0402652652652655, 0.3013381390657048
2.0417042042042044, 0.3010196325159965
2.0431431431431433, 0.3007016866597039
2.044582082082082, 0.30038430011595063
2.046021021021021, 0.3000674715082293
2.04745995995996, 0.29975119946438533
2.048898898898899, 0.29943548261659975
2.050337837837838, 0.29912031960137264
2.051776776776777, 0.29880570905950643
2.053215715715716, 0.2984916496360892
2.0546546546546547, 0.2981781399804783
2.0560935935935936, 0.29786517874628404
2.0575325325325324, 0.2975527645913529
2.0589714714714717, 0.29724089617775173
2.0604104104104106, 0.29692957217175137
2.0618493493493495, 0.2966187912438106
2.0632882882882884, 0.29630855206855955
2.0647272272272272, 0.29599885332478465
2.066166166166166, 0.29568969369541187
2.067605105105105, 0.29538107186749124
2.0690440440440443, 0.2950729865321812
2.070482982982983, 0.29476543638473274
2.071921921921922, 0.29445842012447365
2.073360860860861, 0.2941519364547932
2.0747997997998, 0.2938459840831263
2.0762387387387387, 0.2935405617209387
2.077677677677678, 0.29323566808371093
2.079116616616617, 0.2929313018909236
2.0805555555555557, 0.2926274618660418
2.0819944944944946, 0.2923241467365001
2.0834334334334335, 0.29202135523368744
2.0848723723723723, 0.29171908609293223
2.086311311311311, 0.29141733805348735
2.0877502502502505, 0.291116109858515
2.0891891891891894, 0.29081540025507263
2.0906281281281283, 0.29051520799409725
2.092067067067067, 0.2902155318303914
2.093506006006006, 0.28991637052260844
2.094944944944945, 0.2896177228332378
2.096383883883884, 0.28931958752859055
2.097822822822823, 0.28902196337878544
2.099261761761762, 0.2887248491577337
2.100700700700701, 0.2884282436431256
2.1021396396396397, 0.28813214561641554
2.1035785785785786, 0.28783655386280843
2.1050175175175174, 0.2875414671712451
2.1064564564564567, 0.2872468843343889
2.1078953953953956, 0.28695280414861113
2.1093343343343345, 0.28665922541397737
2.1107732732732734, 0.28636614693423357
2.1122122122122122, 0.28607356751679236
2.113651151151151, 0.2857814859727193
2.11509009009009, 0.2854899011167191
2.1165290290290293, 0.28519881176712225
2.117967967967968, 0.28490821674587113
2.119406906906907, 0.28461811487850697
2.120845845845846, 0.2843285049941558
2.1222847847847848, 0.28403938592551586
2.1237237237237236, 0.2837507565088435
2.125162662662663, 0.28346261558394065
2.126601601601602, 0.2831749619941412
2.1280405405405407, 0.2828877945862978
2.1294794794794796, 0.2826011122107691
2.1309184184184184, 0.28231491372140666
2.1323573573573573, 0.28202919797554155
2.133796296296296, 0.28174396383397216
2.1352352352352355, 0.2814592101609508
2.1366741741741744, 0.28117493582417147
2.1381131131131133, 0.2808911396947561
2.139552052052052, 0.280607820647243
2.140990990990991, 0.2803249775595737
2.14242992992993, 0.2800426093130804
2.143868868868869, 0.2797607147924732
2.145307807807808, 0.2794792928858287
2.146746746746747, 0.279198342484576
2.148185685685686, 0.2789178624834856
2.1496246246246247, 0.27863785178065664
2.1510635635635635, 0.27835830927750466
2.1525025025025024, 0.27807923387874944
2.1539414414414417, 0.2778006244924027
2.1553803803803806, 0.27752248002975677
2.1568193193193195, 0.27724479940537117
2.1582582582582583, 0.27696758153706197
2.159697197197197, 0.27669082534588896
2.161136136136136, 0.27641452975614456
2.162575075075075, 0.27613869369534116
2.1640140140140143, 0.27586331609419973
2.165452952952953, 0.2755883958866386
2.166891891891892, 0.2753139320097608
2.168330830830831, 0.2750399234038432
2.1697697697697698, 0.2747663690123244
2.1712087087087086, 0.2744932677817938
2.172647647647648, 0.2742206186619794
2.174086586586587, 0.2739484206057373
2.1755255255255257, 0.27367667256903944
2.1769644644644646, 0.2734053735109627
2.1784034034034034, 0.2731345223936775
2.1798423423423423, 0.2728641181824367
2.181281281281281, 0.27259415984556445
2.1827202202202205, 0.2723246463544447
2.1841591591591594, 0.2720555766835106
2.1855980980980982, 0.27178694981023305
2.187037037037037, 0.27151876471511005
2.188475975975976, 0.27125102038165544
2.189914914914915, 0.27098371579638814
2.191353853853854, 0.2707168499488214
2.192792792792793, 0.2704504218314521
2.194231731731732, 0.2701844304397493
2.195670670670671, 0.2699188747721445
2.1971096096096097, 0.2696537538300202
2.1985485485485485, 0.2693890666176997
2.1999874874874874, 0.2691248121424363
2.2014264264264267, 0.26886098941440295
2.2028653653653656, 0.26859759744668177
2.2043043043043045, 0.2683346352552534
2.2057432432432433, 0.26807210185898667
2.207182182182182, 0.26780999627962837
2.208621121121121, 0.2675483175417928
2.21006006006006, 0.26728706467295166
2.2114989989989993, 0.26702623670342346
2.212937937937938, 0.2667658326663641
2.214376876876877, 0.26650585159775586
2.215815815815816, 0.2662462925363978
2.2172547547547548, 0.26598715452389554
2.2186936936936936, 0.2657284366046514
2.220132632632633, 0.26547013782585427
2.221571571571572, 0.2652122572374698
2.2230105105105107, 0.2649547938922304
2.2244494494494496, 0.26469774684562564
2.2258883883883884, 0.26444111515589197
2.2273273273273273, 0.2641848978840035
2.228766266266266, 0.26392909409366205
2.2302052052052055, 0.26367370285128733
2.2316441441441444, 0.2634187232260076
2.2330830830830832, 0.26316415428964984
2.234522022022022, 0.26290999511673024
2.235960960960961, 0.2626562447844447
2.2373998998999, 0.26240290237265945
2.238838838838839, 0.26214996696390136
2.240277777777778, 0.26189743764334905
2.241716716716717, 0.2616453134988228
2.243155655655656, 0.2613935936207758
2.2445945945945946, 0.2611422771022847
2.2460335335335335, 0.2608913630390403
2.2474724724724724, 0.2606408505293385
2.2489114114114117, 0.2603907386740708
2.2503503503503506, 0.26014102657671573
2.2517892892892895, 0.2598917133433292
2.2532282282282283, 0.25964279808253576
2.254667167167167, 0.2593942799055196
2.256106106106106, 0.2591461579260153
2.257545045045045, 0.2588984312602992
2.2589839839839843, 0.25865109902718025
2.260422922922923, 0.2584041603479916
2.261861861861862, 0.25815761434658085
2.263300800800801, 0.25791146014930255
2.2647397397397397, 0.25766569688500807
2.2661786786786786, 0.257420323685038
2.267617617617618, 0.25717533968321266
2.269056556556557, 0.2569307440158243
2.2704954954954957, 0.2566865358216275
2.2719344344344345, 0.2564427142418313
2.2733733733733734, 0.2561992784200904
2.2748123123123123, 0.25595622750249664
2.276251251251251, 0.2557135606375707
2.2776901901901905, 0.2554712769762534
2.2791291291291293, 0.2552293756718976
2.280568068068068, 0.2549878558802596
2.282007007007007, 0.2547467167594907
2.283445945945946, 0.25450595747012933
2.284884884884885, 0.25426557717509235
2.286323823823824, 0.25402557503966716
2.287762762762763, 0.2537859502315033
2.289201701701702, 0.25354670192060413
2.2906406406406408, 0.25330782927931916
2.2920795795795796, 0.25306933148233546
2.2935185185185185, 0.25283120770667
2.2949574574574574, 0.2525934571316612
2.2963963963963967, 0.2523560789389614
2.2978353353353356, 0.25211907231252867
2.2992742742742744, 0.2518824364386187
2.3007132132132133, 0.251646170505777
2.302152152152152, 0.2514102737048313
2.303591091091091, 0.2511747452288834
2.30503003003003, 0.25093958427330143
2.3064689689689692, 0.25070479003571217
2.307907907907908, 0.2504703617159932
2.309346846846847, 0.2502362985162653
2.310785785785786, 0.25000259964088445
2.3122247247247247, 0.24976926429643484
2.3136636636636636, 0.24953629169172054
2.315102602602603, 0.2493036810377582
2.316541541541542, 0.2490714315477698
2.3179804804804807, 0.2488395424371745
2.3194194194194195, 0.24860801292358148
2.3208583583583584, 0.2483768422267828
2.3222972972972973, 0.2481460295687452
2.323736236236236, 0.2479155741736034
2.3251751751751755, 0.24768547526765233
2.3266141141141143, 0.24745573207933994
2.328053053053053, 0.24722634383925982
2.329491991991992, 0.2469973097801439
2.330930930930931, 0.24676862913685524
2.33236986986987, 0.24654030114638076
2.333808808808809, 0.24631232504782408
2.335247747747748, 0.24608470008239836
2.336686686686687, 0.2458574254934191
2.3381256256256258, 0.245630500526297
2.3395645645645646, 0.2454039244285309
2.3410035035035035, 0.2451776964497008
2.3424424424424424, 0.2449518158414609
2.3438813813813817, 0.24472628185753198
2.3453203203203206, 0.24450109375369564
2.3467592592592594, 0.24427625078778611
2.3481981981981983, 0.244051752219684
2.349637137137137, 0.24382759731130926
2.351076076076076, 0.24360378532661423
2.352515015015015, 0.24338031553157707
2.3539539539539542, 0.24315718719419444
2.355392892892893, 0.24293439958447563
2.356831831831832, 0.24271195197443454
2.358270770770771, 0.24248984363808418
2.3597097097097097, 0.2422680738514291
2.3611486486486486, 0.24204664189245906
2.362587587587588, 0.24182554704114245
2.364026526526527, 0.2416047885794196
2.3654654654654657, 0.24138436579119624
2.3669044044044045, 0.24116427796233647
2.3683433433433434, 0.240944524380657
2.3697822822822823, 0.24072510433591998
2.371221221221221, 0.2405060171198269
2.3726601601601605, 0.24028726202601178
2.3740990990990993, 0.2400688383500352
2.375538038038038, 0.23985074538937742
2.376976976976977, 0.23963298244343215
2.378415915915916, 0.23941554881350036
2.379854854854855, 0.23919844380278363
2.3812937937937937, 0.2389816667163781
2.382732732732733, 0.2387652168612679
2.384171671671672, 0.23854909354631929
2.3856106106106107, 0.23833329608227413
2.3870495495495496, 0.23811782378174354
2.3884884884884885, 0.23790267595920211
2.3899274274274274, 0.23768785193098121
2.3913663663663667, 0.23747335101526335
2.3928053053053056, 0.23725917253207598
2.3942442442442444, 0.23704531580328494
2.3956831831831833, 0.23683178015258885
2.397122122122122, 0.23661856490551286
2.398561061061061, 0.23640566938940288
2.4, 0.23619309293341914
